>> A = [1,2,3;8,6,4;3,6,9]

A =

     1     2     3
     8     6     4
     3     6     9

>> A(1,3)+A(2,1)+A(3,2)

ans =

    17

>> A(2:3,1:2)

ans =

     8     6
     3     6

>> A(1,1:2)

ans =

     1     2

>> A(:,2)

ans =

     2
     6
     6

>> x=linspace(0,pi,101)

x =

  Columns 1 through 7

         0    0.0314    0.0628    0.0942    0.1257    0.1571    0.1885

  Columns 8 through 14

    0.2199    0.2513    0.2827    0.3142    0.3456    0.3770    0.4084

  Columns 15 through 21

    0.4398    0.4712    0.5027    0.5341    0.5655    0.5969    0.6283

  Columns 22 through 28

    0.6597    0.6912    0.7226    0.7540    0.7854    0.8168    0.8482

  Columns 29 through 35

    0.8796    0.9111    0.9425    0.9739    1.0053    1.0367    1.0681

  Columns 36 through 42

    1.0996    1.1310    1.1624    1.1938    1.2252    1.2566    1.2881

  Columns 43 through 49

    1.3195    1.3509    1.3823    1.4137    1.4451    1.4765    1.5080

  Columns 50 through 56

    1.5394    1.5708    1.6022    1.6336    1.6650    1.6965    1.7279

  Columns 57 through 63

    1.7593    1.7907    1.8221    1.8535    1.8850    1.9164    1.9478

  Columns 64 through 70

    1.9792    2.0106    2.0420    2.0735    2.1049    2.1363    2.1677

  Columns 71 through 77

    2.1991    2.2305    2.2619    2.2934    2.3248    2.3562    2.3876

  Columns 78 through 84

    2.4190    2.4504    2.4819    2.5133    2.5447    2.5761    2.6075

  Columns 85 through 91

    2.6389    2.6704    2.7018    2.7332    2.7646    2.7960    2.8274

  Columns 92 through 98

    2.8588    2.8903    2.9217    2.9531    2.9845    3.0159    3.0473

  Columns 99 through 101

    3.0788    3.1102    3.1416

>> v=(10:-2:0)

v =

    10     8     6     4     2     0

>> w=(5:10)

w =

     5     6     7     8     9    10

>> B=zeros(3,4)

B =

     0     0     0     0
     0     0     0     0
     0     0     0     0

>> C=ones(2,5)*6

C =

     6     6     6     6     6
     6     6     6     6     6

>> E=randn(3,3)

E =

    0.5377    0.8622   -0.4336
    1.8339    0.3188    0.3426
   -2.2588   -1.3077    3.5784
 
>> A(2,:)=[]

A =

     1     2     3
     3     6     9

>> a=0:3

a =

     0     1     2     3

>> b=a'

b =

     0
     1
     2
     3

>> c=[1 2 3 4; 5 6 7 8 ; 9 10 11 12]

c =

     1     2     3     4
     5     6     7     8
     9    10    11    12

>> 2*c-1

ans =

     1     3     5     7
     9    11    13    15
    17    19    21    23

>> d=[1 2 3 ; 4 5 6]

d =

     1     2     3
     4     5     6

>> e = [ 2 2 2 ; 3 3 3 ]

e =

     2     2     2
     3     3     3

>> f = d+ e

f =

     3     4     5
     7     8     9

>> g = 2*d-e

g =

     0     2     4
     5     7     9
 
>> h=d.*e

h =

     2     4     6
    12    15    18

>> d./e

ans =

    0.5000    1.0000    1.5000
    1.3333    1.6667    2.0000

>> e./d

ans =

    2.0000    1.0000    0.6667
    0.7500    0.6000    0.5000

>> e.\d

ans =

    0.5000    1.0000    1.5000
    1.3333    1.6667    2.0000

>> C = A*B

C =

     0     0     0     0
     0     0     0     0

>> A= [1 2 3;4 5 6]

A =

     1     2     3
     4     5     6

>> B = [1 2 ; 3 4;5 6]

B =

     1     2
     3     4
     5     6

>> C=A*B

C =

    22    28
    49    64